""
902
902
900
898
897
898
898
899
900
902
903
902
902
902
903
900
898
897
898
898
824
865
811
878
816
867
834
842
855
821
869
811
870
818
852
840
834
861
818
874
817
868
827
843
845
825
863
814
870
820
861
836
842
853
823
867
815
865
822
849
839
833
860
824
870
820
861
831
844
845
825
861
819
864
825
856
840
841
857
829
866
820
858
825
845
839
831
856
827
866
827
859
837
846
848
832
857
823
857
826
850
841
841
855
833
861
829
856
833
842
845
835
845
838
847
835
853
841
845
845
843
841
839
844
836
843
840
844
843
845
843
841
845
841
842
840
841
839
839
843
839
847
841
843
843
844
841
838
842
839
841
842
841
843
845
846
845
845
843
841
840
841
839
841
841
841
843
845
845
844
846
844
844
843
840
839
839
841
841
844
845
845
846
845
845
844
842
842
840
842
840
839
844
840
863
847
756
1023
555
1023
515
929
650
724
805
444
1023
350
1023
388
909
561
657
783
422
1012
402
992
461
796
661
564
893
427
972
428
912
545
686
739
487
946
434
972
451
851
612
629
809
457
950
438
956
486
778
669
565
879
457
952
443
907
544
695
726
510
910
456
945
465
844
616
637
794
485
920
460
921
503
768
658
589
841
484
921
465
890
549
709
706
547
870
479
913
481
833
610
659
759
525
891
477
895
516
765
655
610
806
510
895
483
863
564
714
698
575
835
499
887
496
826
604
676
735
560
860
495
873
524
772
647
633
771
536
869
500
853
568
724
686
600
809
516
859
513
811
609
683
726
575
838
514
852
542
770
641
645
752
555
844
518
834
575
741
675
623
783
537
839
528
801
603
698
708
595
810
532
833
558
770
635
660
739
570
819
533
813
591
736
674
630
769
554
821
546
787
610
705
698
608
785
548
819
570
766
633
670
725
588
797
545
801
596
744
663
639
749
575
805
560
777
612
708
693
617
769
567
803
586
763
635
672
715
600
778
564
788
601
745
658
651
737
596
788
575
773
613
715
680
624
751
587
790
593
761
632
684
708
614
761
582
777
604
740
656
653
730
606
775
592
766
617
711
674
635
738
599
774
601
754
633
688
699
628
748
597
768
610
731
653
665
719
621
760
602
760
624
707
672
645
729
613
763
610
745
641
688
698
639
738
608
759
616
725
651
670
711
636
748
614
754
628
709
669
656
716
624
749
616
738
642
691
691
653
732
623
747
621
717
651
673
701
640
739
624
741
636
705
672
664
712
634
736
622
726
642
693
686
661
724
634
736
629
713
655
678
695
648
729
633
731
640
704
674
673
709
642
729
631
719
649
692
687
665
720
641
728
636
709
659
682
693
656
720
640
726
647
704
672
679
703
651
719
636
714
653
693
685
672
714
650
723
647
709
663
684
690
661
711
644
716
655
703
678
682
704
659
715
646
709
657
691
680
674
707
657
716
654
708
669
689
689
667
706
652
708
658
700
676
685
699
666
710
655
704
663
693
682
676
701
662
709
661
703
671
692
688
671
701
657
703
661
701
679
676
705
667
691
678
693
667
690
680
679
685
681
687
682
692
681
688
684
682
679
682
682
681
683
683
686
686
686
686
686
685
684
681
681
680
680
681
684
685
686
687
685
686
686
684
682
682
682
681
683
681
684
686
687
685
686
688
683
684
683
683
681
683
684
677
688
677
684
726
593
893
481
916
522
782
642
638
824
476
997
416
1009
482
839
631
641
839
465
976
438
952
509
806
676
613
856
477
940
471
891
566
722
735
561
893
478
920
506
835
635
658
781
521
907
480
900
533
788
676
625
824
510
905
497
875
567
732
715
581
859
504
896
518
838
617
680
757
552
874
503
874
543
790
665
640
798
536
877
520
853
578
737
699
608
825
527
868
533
828
612
703
731
586
839
526
855
551
790
650
665
765
570
850
533
841
581
747
682
631
788
552
846
547
817
616
710
720
611
807
545
835
559
787
638
680
741
599
820
550
828
583
759
668
652
757
578
822
555
812
613
730
702
633
786
570
818
566
783
634
692
725
612
800
566
815
593
767
663
664
743
599
800
565
799
611
744
685
648
762
592
804
577
780
630
710
705
627
773
584
800
600
764
655
681
728
613
779
579
786
619
741
677
656
747
606
787
590
773
633
713
694
639
753
599
790
608
762
650
693
712
629
758
593
779
621
739
669
671
731
622
774
605
770
634
714
684
650
739
612
777
620
754
655
694
707
640
751
609
770
626
732
662
677
721
634
760
618
765
639
716
680
659
730
624
763
626
749
651
697
700
651
744
624
759
633
