621
701
649
652
701
620
723
627
691
668
647
718
623
717
637
672
677
631
721
618
703
649
664
699
629
726
628
693
659
649
707
621
713
633
681
676
642
719
626
709
645
666
686
630
718
625
696
656
656
701
629
720
634
687
666
645
707
625
709
640
674
683
640
718
628
700
652
660
692
629
715
630
688
664
654
707
630
715
640
679
673
639
710
627
703
646
669
689
639
719
633
698
657
656
693
630
711
632
684
670
652
710
633
710
645
675
680
640
709
629
695
651
664
693
638
716
637
691
664
654
698
631
707
638
676
672
645
708
634
704
649
669
683
637
708
632
691
655
658
695
635
710
638
683
669
648
700
630
702
642
670
679
644
707
634
696
655
662
686
636
706
636
686
662
654
698
638
708
645
678
673
646
701
635
698
649
666
683
644
709
641
692
663
660
692
637
702
640
678
669
651
700
641
704
652
673
681
646
702
637
692
655
659
684
643
707
645
687
668
657
694
638
701
645
672
671
647
701
641
697
656
669
685
645
702
641
687
661
658
690
642
704
648
682
673
655
698
640
699
651
670
677
647
703
645
697
659
665
687
645
703
644
684
665
657
693
644
705
652
678
678
652
700
640
693
655
665
682
645
704
647
691
666
662
692
644
702
647
678
669
649
696
642
703
656
674
683
649
704
641
694
656
661
686
641
705
645
690
670
659
698
642
704
648
677
674
649
698
640
702
657
673
685
648
705
643
692
660
662
688
643
712
628
713
645
688
667
673
677
659
682
663
669
678
660
688
661
685
668
675
677
660
684
657
683
661
676
672
671
682
666
683
666
677
669
670
672
664
676
666
676
674
675
676
672
678
671
674
669
669
670
669
673
671
676
674
675
676
673
676
671
672
670
671
671
668
672
674
676
674
676
675
674
674
671
672
670
671
671
672
675
673
675
674
676
674
673
672
670
671
670
671
672
673
673
673
675
672
673
673
669
672
667
692
656
654
712
627
730
642
682
679
632
734
601
746
620
682
689
624
751
599
751
628
670
706
606
757
594
734
640
652
726
599
772
597
723
661
640
738
591
764
600
697
676
627
754
595
755
622
679
701
612
757
594
734
638
659
715
609
760
606
720
661
649
727
606
747
616
692
678
633
738
614
734
638
672
702
621
743
612
715
654
652
717
619
745
621
699
674
642
727
615
733
631
678
689
631
738
621
723
652
662
708
620
738
620
702
666
644
722
621
739
633
689
685
637
730
618
721
641
667
696
628
737
626
713
662
656
714
623
732
626
691
672
640
720
624
731
642
681
691
635
729
624
713
653
658
701
626
732
633
702
673
649
718
626
727
636
682
681
636
724
627
721
649
669
698
632
729
628
705
660
651
708
625
732
636
695
678
640
722
622
725
639
674
688
630
728
625
718
656
661
703
626
731
626
697
665
645
712
623
730
639
688
683
638
725
623
718
643
666
690
627
726
630
710
664
656
708
631
725
637
688
673
639
712
629
720
649
676
690
638
722
634
708
656
659
697
632
720
638
696
672
651
710
634
720
644
680
679
638
714
631
715
655
671
693
636
722
637
703
661
654
701
631
720
640
693
674
648
710
636
717
643
677
681
638
714
635
709
657
670
693
641
719
637
697
663
653
699
636
715
645
689
679
650
711
642
708
655
669
681
642
707
643
699
665
662
697
646
711
652
685
672
650
699
642
703
654
675
686
649
707
650
700
663
662
689
642
705
647
687
674
655
699
647
709
657
678
679
645
703
645
699
662
667
689
646
709
651
695
668
655
693
643
704
652
683
677
653
703
646
704
658
672
682
645
701
647
695
664
663
694
647
708
654
688
673
651
693
644
702
655
676
682
650
704
651
701
665
666
684
643
702
648
688
669
659
696
651
705
658
685
676
651
696
645
697
659
671
683
650
704
654
697
669
663
690
645
701
654
684
672
656
697
650
709
642
700
656
684
670
668
676
667
676
675
671
686
662
687
665
682
669
672
676
665
681
664
682
671
680
676
675
680
669
676
669
674
673
672
675
672
679
675
678
676
674
675
670
674
669
672
672
674
676
676
679
676
677
676
675
674
671
672
670
674
672
675
677
677
677
677
677
675
675
673
672
673
672
671
673
676
677
677
677
676
676
674
672
672
672
672
673
675
676
675
675
676
676
676
674
673
673
672
673
673
675
675
676
675
677
675
674
674
673
672
674
673
673
675
676
677
678
676
675
675
675
673
673
673
672
674
675
676
677
679
677
677
677
674
672
671
672
674
673
675
676
678
677
678
677
677
675
672
676
678
629
768
