""
1001
1002
999
1000
997
997
992
994
991
993
00
1002
1003
1001
1002
1002
999
999
998
998
998
998
999
1001
1001
1002
999
1000
997
997
992
994
991
993
809
885
744
955
712
955
744
886
826
789
906
735
952
716
929
768
849
855
776
924
729
951
729
908
790
822
868
765
932
729
942
746
888
816
807
884
754
935
727
923
766
860
841
795
903
748
937
739
904
789
833
857
778
914
740
929
758
886
816
819
877
771
920
738
910
770
865
831
807
889
764
923
750
904
791
848
845
791
896
751
915
762
886
810
832
865
783
907
750
905
778
867
822
813
879
773
909
759
895
795
856
839
800
883
763
905
770
884
806
840
853
794
891
763
899
783
868
818
822
867
783
898
772
891
797
856
833
807
874
774
893
779
878
810
843
852
801
884
778
892
789
866
814
827
856
791
885
783
887
801
859
833
817
867
784
883
786
873
805
845
846
808
876
788
885
797
866
818
828
851
794
874
791
880
804
857
833
822
864
795
876
794
871
808
843
839
813
867
798
880
802
866
820
832
849
803
869
797
876
809
857
833
823
858
804
874
800
868
812
840
840
816
866
805
876
808
863
824
833
845
811
865
803
870
811
856
834
829
856
813
868
806
863
815
840
836
819
859
812
872
812
861
827
836
847
816
860
807
862
813
849
832
831
854
818
867
813
862
818
841
836
823
852
813
863
817
858
828
839
846
822
858
813
859
816
847
832
833
851
821
861
817
859
823
841
836
826
852
817
860
820
854
830
840
845
826
855
819
856
820
846
831
834
848
827
859
823
855
826
841
838
829
847
822
855
822
852
833
842
845
833
855
825
852
822
842
833
835
846
830
856
827
853
831
846
839
835
846
826
850
822
845
832
844
843
836
851
830
851
829
844
833
838
842
831
851
829
849
833
846
840
839
845
830
847
828
844
832
842
840
838
848
831
847
832
844
833
839
839
833
845
832
849
835
850
838
841
844
832
847
836
841
838
839
841
841
845
839
846
845
847
836
838
838
838
839
838
843
842
844
843
843
843
846
841
839
840
840
837
839
841
843
843
843
843
843
842
840
840
836
837
837
839
839
846
843
843
844
843
842
841
840
839
839
839
837
839
841
843
844
843
843
843
841
840
839
839
839
839
841
843
842
841
841
843
842
841
841
838
839
839
839
841
843
843
843
843
842
841
840
839
839
839
839
838
842
842
852
829
866
810
884
802
864
850
797
892
769
930
761
920
789
874
855
801
905
750
942
746
929
791
852
855
795
918
758
943
758
916
809
849
860
782
915
758
937
776
895
819
835
875
783
916
759
923
793
875
828
814
889
780
924
771
907
803
860
848
798
895
771
923
784
891
817
839
868
795
906
771
914
792
875
825
819
880
792
914
778
901
802
864
840
809
885
782
912
786
891
814
844
861
807
897
782
904
793
876
825
826
874
802
906
789
899
804
861
842
819
879
790
899
788
887
812
848
859
816
890
794
900
796
874
821
833
863
803
892
794
896
806
861
840
827
880
799
893
795
882
811
846
850
820
883
799
895
802
870
824
843
859
810
884
799
891
808
861
834
834
871
808
887
799
878
814
849
847
827
880
807
890
805
868
823
842
857
817
879
802
883
812
861
839
837
869
814
884
802
873
812
850
844
829
874
811
886
809
871
826
846
851
822
872
811
874
811
861
839
841
866
819
880
810
869
820
850
843
828
868
819
877
812
868
831
848
855
825
873
810
872
814
860
837
842
861
822
882
815
869
827
851
843
833
866
815
874
818
866
834
848
854
828
875
813
868
824
856
839
843
863
824
873
818
869
828
850
843
833
864
823
870
820
865
836
851
856
831
866
817
863
823
853
837
840
861
826
870
822
866
833
854
848
833
861
818
863
822
861
839
849
857
832
867
823
869
826
856
841
840
857
825
865
826
864
835
855
850
835
860
824
867
826
857
844
849
857
831
862
827
863
832
854
844
839
856
828
863
835
860
837
851
852
836
857
827
860
830
857
839
846
856
836
862
837
860
834
853
845
839
854
830
858
833
861
841
852
853
839
859
832
861
831
852
842
843
853
837
861
836
860
840
854
848
839
853
833
861
832
854
844
849
854
841
857
837
857
836
852
845
839
849
834
857
837
856
842
852
850
841
852
835
853
836
853
844
846
851
840
855
838
855
840
850
845
843
849
837
853
841
856
846
849
849
842
852
839
851
840
851
845
850
851
843
854
843
855
845
849
845
840
849
840
850
842
854
850
855
852
845
853
843
852
842
849
845
842
850
844
854
847
855
849
851
856
844
849
