796
796
794
793
794
793
792
794
796
798
797
797
798
798
796
795
794
794
793
794
796
798
797
797
796
798
797
796
795
794
794
794
794
796
798
798
798
798
798
795
795
794
794
794
793
794
796
798
798
799
798
799
798
796
794
792
792
793
794
795
798
798
799
798
799
798
796
795
794
794
794
792
794
797
799
798
799
798
798
796
795
794
793
793
786
831
731
819
842
716
830
851
717
811
892
694
802
907
703
791
920
713
784
932
716
779
927
720
772
923
725
766
922
741
760
917
752
750
906
766
740
892
775
733
879
791
739
867
805
740
856
814
739
835
815
743
826
821
750
823
827
756
817
830
757
807
826
759
798
830
764
799
840
772
794
843
776
789
844
774
780
841
775
780
849
784
779
851
788
775
851
788
765
848
790
762
847
793
761
850
800
762
848
802
757
843
801
753
840
805
753
843
811
750
840
815
750
837
814
745
833
816
743
833
822
745
831
824
746
828
825
740
823
827
741
821
830
745
823
834
747
819
832
743
815
832
743
811
833
747
813
839
750
811
840
749
806
837
746
800
837
749
801
842
754
801
843
756
798
841
754
792
839
754
789
839
760
793
844
762
792
843
761
788
839
761
785
838
765
787
840
767
786
842
770
782
838
769
778
837
770
778
838
774
778
840
776
775
837
777
772
835
777
771
835
781
775
837
782
773
834
783
771
831
782
769
830
785
772
833
789
773
832
790
769
826
785
766
826
788
768
828
794
771
829
794
770
826
792
766
822
789
764
822
796
770
826
798
770
825
797
768
820
792
765
816
796
768
819
800
772
820
801
770
817
797
768
814
797
768
814
799
774
817
803
774
814
800
772
810
798
771
810
801
776
813
801
775
812
802
775
808
800
774
806
800
778
810
803
781
809
804
778
803
800
778
803
799
779
804
803
784
806
804
783
802
799
782
798
797
782
800
801
787
803
803
788
803
802
786
796
796
783
797
798
788
801
802
791
801
802
790
797
798
787
795
796
786
795
801
793
799
802
793
799
799
790
795
797
790
794
799
794
796
799
795
798
800
793
794
797
791
794
796
793
797
801
796
798
798
794
795
796
793
794
795
793
795
798
797
798
797
796
795
797
793
792
794
794
793
796
797
798
799
798
798
798
795
792
792
794
794
793
796
797
797
800
798
797
799
796
793
796
793
790
793
795
795
799
799
796
800
799
794
797
795
791
796
795
792
797
797
795
801
796
801
792
792
802
786
796
796
789
796
795
799
793
797
800
795
795
795
792
794
795
792
797
798
795
797
797
798
796
794
793
795
795
794
796
796
798
799
799
798
798
795
793
795
793
794
795
794
797
798
798
799
799
798
797
797
793
793
792
794
794
797
798
798
799
798
799
798
795
795
795
794
794
793
794
798
799
798
800
798
797
796
795
795
794
793
792
795
798
796
797
798
798
798
797
794
795
794
794
794
796
796
797
797
799
799
798
796
795
795
794
794
794
796
798
798
799
798
797
796
796
794
795
794
794
794
796
798
798
798
798
798
798
796
793
792
794
794
794
796
798
799
799
799
799
798
794
793
792
795
791
792
796
804
768
860
760
774
873
751
754
885
751
734
905
753
729
917
764
724
921
766
717
914
768
711
909
774
706
905
784
704
902
793
701
895
793
696
888
797
695
884
805
698
884
809
696
878
816
692
868
818
692
862
823
695
861
831
700
855
834
698
845
832
700
841
834
702
841
839
709
838
841
708
831
837
707
826
836
709
826
841
716
826
845
718
823
844
718
814
840
717
812
843
724
814
847
729
812
847
730
806
843
729
801
843
731
799
846
740
799
847
743
797
843
742
791
841
744
790
842
750
791
841
753
791
841
754
786
836
754
784
836
758
785
837
761
786
836
763
782
833
763
780
832
766
780
835
772
782
832
773
778
831
772
776
828
773
776
829
778
780
831
781
779
829
779
773
822
779
774
823
782
777
826
787
778
825
788
776
820
784
775
816
784
775
819
793
779
820
794
779
817
791
775
813
789
774
816
793
778
818
796
780
816
796
776
810
795
777
810
794
779
810
800
780
809
800
780
806
796
780
805
797
781
807
801
784
805
800
785
805
799
781
801
799
781
802
802
786
805
804
787
803
801
782
798
800
784
798
801
787
800
804
789
800
804
788
796
800
784
792
800
787
796
804
792
797
805
792
795
801
787
790
799
788
790
801
793
796
805
795
796
803
791
791
799
791
789
798
792
794
803
796
795
803
795
792
798
792
790
798
793
792
801
795
792
802
798
793
799
793
790
798
793
790
